TESTNET_ACCOUNT_ID=0.0.34848125
TESTNET_PRIVATE_KEY=302e020100300506032b6570042204206661cebedf216f6dff752d4582aeb2ac1ae195adc1bfd135dc82b5fe26abf5d6
TESTNET_PUBLIC_KEY=302a300506032b6570032100e6043153aade1d224e30f3aecacdb5de466bd62d9ee19519a47d258b15392063

PREVIEW_NET_ACCOUNT_ID=0.0.23837
PREVIEW_NET_PRIVATE_KEY=302e020100300506032b6570042204204039b9e03ff646560317b34eacd9fbef4afda9929e712c34fba61bfa06607ca4
PREVIEW_NET_PUBLIC_KEY=302a300506032b6570032100fdbd3c57eb05bf1b677721880cb6f79c75ca32b7b39c9f5e8b96a7d2f7f24f5e

LOCAL_NET_ACCOUNT_ID=0.0.2
LOCAL_NET_PRIVATE_KEY=302e020100300506032b65700422042091132178e72057a1d7528025956fe39b0b847f200ab59b2fdd367017f3087137
LOCAL_NET_PUBLIC_KEY=302a300506032b65700321000aa8e21064c61eab86e2a9c164565b4e7a9a4146106e0a6cd03a8c395a110e92